   0   0   0   0   0   0   0   0   0   0   0   0   0   0   0   0   0   0   0
   0   0   0   0   0   0   0   8  16   8  16   8   0   0   0   0   0   0   0
   0   0   0   0   0   0   0   2   2   2   2   2   0   0   0   0   0   0   0
   0   0   0   0   0   0   0   2   4   8   4   2   0   0   0   0   0   0   0
   0   0   0   0   0   0   0   2   8   4   8   2   0   0   0   0   0   0   0
   0   0   0   0   0   0   0   2   4   8   4   2   0   0   0   0   0   0   0
   0   0   0   0   0   0   0   2   2   2   2   2   0   0   0   0   0   0   0
   0   8   2   2   2   2   2   2   0   2   0   2   2   2   2   2   2   8   0
   0  16   2   4   8   4   2   0   0   0   0   0   2   4   8   4   2  16   0
   0   8   2   8   4   8   2   2   0   2   0   2   2   8   4   8   2   8   0
   0  16   2   4   8   4   2   0   0   0   0   0   2   4   8   4   2  16   0
   0   8   2   2   2   2   2   2   0   2   0   2   2   2   2   2   2   8   0
   0   0   0   0   0   0   0   2   2   2   2   2   0   0   0   0   0   0   0
   0   0   0   0   0   0   0   2   4   8   4   2   0   0   0   0   0   0   0
   0   0   0   0   0   0   0   2   8   4   8   2   0   0   0   0   0   0   0
   0   0   0   0   0   0   0   2   4   8   4   2   0   0   0   0   0   0   0
   0   0   0   0   0   0   0   2   2   2   2   2   0   0   0   0   0   0   0
   0   0   0   0   0   0   0   8  16   8  16   8   0   0   0   0   0   0   0
   0   0   0   0   0   0   0   0   0   0   0   0   0   0   0   0   0   0   0
